just change the image resolution and frequency.

firstly do a experiment to test the range

20 10 5 2 1 

1 0.8 0.6 0.5 0.4 0.2

First try orb-slam3-ros-stereo-inertial on MH_01_easy



note: image resolution must be int(so 0.5 can not run in algorithm)



----------------------------------------------
orb-slam3-ros-stereo-inertial+MH_01_easy+Image_comb_test

-----

Algorithm: orb-slam3-ros-stereo-inertial
Dataset: MH_01_easy
Experiments to explore the parameter space.

image frequency: 20 | 10 | 5 | 2 | 1 
image resolution: 1 | 0.8 | 0.6 | 0.5 | 0.4 | 0.2

Environment: Desktop (Memory: 32GB; CPU: Intel® Core™ i7-7700 CPU @ 3.60GHz × 8; Disk: 1TB) 

Totally: 5*6 = 30

-----

588,602
591,603


++++++++++++
Left: 
K 矩阵: [458.654, 0.0, 367.215, 0.0, 457.296, 248.375, 0.0, 0.0, 1.0]
D 矩阵: [-0.28340811, 0.07395907, 0.00019359, 1.76187114e-05, 0.0]
* R 矩阵: [0.999966347530033, -0.001422739138722922, 0.008079580483432283, 0.001365741834644127, 0.9999741760894847, 0.007055629199258132, -0.008089410156878961, -0.007044357138835809, 0.9999424675829176]
* P 矩阵: [436.24429564, 0.0 ,364.44123459, 0.0, 0.0, 436.24429564, 256.95167542, 0.0, 0.0, 0.0, 1.0, 0.0]

Right: 
K 矩阵: [457.587, 0.0, 379.999, 0.0, 456.134, 255.238, 0.0, 0.0, 1]
D 矩阵: [-0.28368365, 0.07451284, -0.00010473, -3.555907e-05, 0.0]
* R 矩阵: [0.999966347530033, -0.001422739138722922, 0.008079580483432283, 0.001365741834644127, 0.9999741760894847, 0.007055629199258132, -0.008089410156878961, -0.007044357138835809, 0.9999424675829176]
* P 矩阵: [436.24429564, 0.0 ,364.44123459, -48.02083068, 0.0, 436.24429564, 256.95167542, 0.0, 0.0, 0.0, 1.0, 0.0]

fx:436.24429564
fy:436.24429564
cx:364.44123459
cy:256.95167542


++++++++++++
image frequency: 1|2|4|10|20
image resolution: 1|0.8|0.6|0.5|0.4|0.2

++++++++++++
原始的K矩阵
 - [458.654, 0.0, 367.215, 0.0, 457.296, 248.375, 0.0, 0.0, 1.0]
[R t]
 - [0.999966347530033, -0.001422739138722922, 0.008079580483432283, 0.001365741834644127, 0.9999741760894847, 0.007055629199258132, -0.008089410156878961, -0.007044357138835809, 0.9999424675829176]
 - [0,0,0]
K [R t]

[435.2046959714599, 0, 367.4517211914062, 0, 0, 435.2046959714599, 252.2008514404297, 0, 0, 0, 1, 0]


Rectified Left Camera Matrix:
[[436.24429564   0.         364.44123459   0.        ]
 [  0.         436.24429564 256.95167542   0.        ]
 [  0.           0.           1.           0.        ]]
Rectified Right Camera Matrix:
[[436.24429564   0.         364.44123459 -48.02083068]
 [  0.         436.24429564 256.95167542   0.        ]
 [  0.           0.           1.           0.        ]]
Rectified Left Camera Rotation:
[[ 0.99996635 -0.00142274  0.00807958]
 [ 0.00136574  0.99997418  0.00705563]
 [-0.00808941 -0.00704436  0.99994247]]
Rectified Right Camera Rotation:
[[ 0.99996335 -0.00362581  0.00775544]
 [ 0.0036804   0.99996848 -0.00703585]
 [-0.00772969  0.00706413  0.99994517]]




0.8
Rectified Right Camera Matrix:
[[349.09731801   0.         291.74860382 -38.42787944]
 [  0.         349.09731801 205.61695862   0.        ]
 [  0.           0.           1.           0.        ]]




Rectified Left Camera Matrix:
[[349.09731801   0.         291.74860382   0.        ]
 [  0.         349.09731801 205.61695862   0.        ]
 [  0.           0.           1.           0.        ]]
Rectified Right Camera Matrix:
[[349.09731801   0.         291.74860382 -38.42787944]
 [  0.         349.09731801 205.61695862   0.        ]
 [  0.           0.           1.           0.        ]]
Rectified Left Camera Rotation:
[[ 0.99996635 -0.00142274  0.00807958]
 [ 0.00136574  0.99997418  0.00705563]
 [-0.00808941 -0.00704436  0.99994247]]
Rectified Right Camera Rotation:
[[ 0.99996335 -0.00362581  0.00775544]
 [ 0.0036804   0.99996848 -0.00703585]
 [-0.00772969  0.00706413  0.99994517]]




0.6
[[261.91349264   0.         218.81050873 -28.83087208]
 [  0.         261.91349264 154.26602554   0.        ]
 [  0.           0.           1.           0.        ]]

Rectified Left Camera Matrix:
[[349.09731801   0.         291.74860382   0.        ]
 [  0.         349.09731801 205.61695862   0.        ]
 [  0.           0.           1.           0.        ]]
Rectified Right Camera Matrix:
[[349.09731801   0.         291.74860382 -38.42787944]
 [  0.         349.09731801 205.61695862   0.        ]
 [  0.           0.           1.           0.        ]]
Rectified Left Camera Rotation:
[[ 0.99996635 -0.00142274  0.00807958]
 [ 0.00136574  0.99997418  0.00705563]
 [-0.00808941 -0.00704436  0.99994247]]
Rectified Right Camera Rotation:
[[ 0.99996335 -0.00362581  0.00775544]
 [ 0.0036804   0.99996848 -0.00703585]
 [-0.00772969  0.00706413  0.99994517]]



0.5
[[218.32162852   0.         182.34145927 -24.03237374]
 [  0.         218.32162852 128.59058762   0.        ]
 [  0.           0.           1.           0.        ]]

还需要加一组bf：就是right P矩阵多出来的一个


[[218.32162852   0.         182.34145927   0.        ]
 [  0.         218.32162852 128.59058762   0.        ]
 [  0.           0.           1.           0.        ]]
Rectified Right Camera Matrix:
[[218.32162852   0.         182.34145927 -24.03237374]
 [  0.         218.32162852 128.59058762   0.        ]
 [  0.           0.           1.           0.        ]]
Rectified Left Camera Rotation:
[[ 0.99996635 -0.00142274  0.00807958]
 [ 0.00136574  0.99997418  0.00705563]
 [-0.00808941 -0.00704436  0.99994247]]
Rectified Right Camera Rotation:
[[ 0.99996335 -0.00362581  0.00775544]
 [ 0.0036804   0.99996848 -0.00703585]
 [-0.00772969  0.00706413  0.99994517]]



0.4

[183.0348   0.     151.9996   0.     182.4536 102.0952   0.       0.
   0.4   ]
Rectified Left Camera Matrix:
[[174.76766437   0.         146.12426758   0.        ]
 [  0.         174.76766437 102.93238449   0.        ]
 [  0.           0.           1.           0.        ]]
Rectified Right Camera Matrix:
[[174.76766437   0.         146.12426758 -19.23804736]
 [  0.         174.76766437 102.93238449   0.        ]
 [  0.           0.           1.           0.        ]]
Rectified Left Camera Rotation:
[[ 0.99996635 -0.00142274  0.00807958]
 [ 0.00136574  0.99997418  0.00705563]
 [-0.00808941 -0.00704436  0.99994247]]
Rectified Right Camera Rotation:
[[ 0.99996335 -0.00362581  0.00775544]
 [ 0.0036804   0.99996848 -0.00703585]
 [-0.00772969  0.00706413  0.99994517]]

0.2

[91.5174  0.     75.9998  0.     91.2268 51.0476  0.      0.      0.2   ]
Rectified Left Camera Matrix:
[[87.58649156  0.         73.19220734  0.        ]
 [ 0.         87.58649156 51.58329344  0.        ]
 [ 0.          0.          1.          0.        ]]
Rectified Right Camera Matrix:
[[87.58649156  0.         73.19220734 -9.64133199]
 [ 0.         87.58649156 51.58329344  0.        ]
 [ 0.          0.          1.          0.        ]]
Rectified Left Camera Rotation:
[[ 0.99996635 -0.00142274  0.00807958]
 [ 0.00136574  0.99997418  0.00705563]
 [-0.00808941 -0.00704436  0.99994247]]
Rectified Right Camera Rotation:
[[ 0.99996335 -0.00362581  0.00775544]
 [ 0.0036804   0.99996848 -0.00703585]
 [-0.00772969  0.00706413  0.99994517]]




588:
  1:
    350: 20
  2:
    350: 10
  4:
    350: 5
  10:
    350: 2
  20:
    350: 1

589:
  1:
    575: 200


591:
  1:
    351: 752
    352: 480
    436: 436.24429564
    437: 436.24429564
    438: 364.44123459
    439: 256.95167542
    448: 48.02083068
    449: 60
    
    454: [-0.28340811, 0.07395907, 0.00019359, 1.76187114e-05, 0.0]
    455: [458.654, 0.0, 367.215, 0.0, 457.296, 248.375, 0.0, 0.0, 1.0]
    456: [ 0.99996635, -0.00142274,  0.00807958, 0.00136574,  0.99997418 , 0.00705563,-0.00808941 ,-0.00704436 , 0.99994247]
    457: [436.24429564, 0.0 ,364.44123459, 0.0, 0.0, 436.24429564, 256.95167542, 0.0, 0.0, 0.0, 1.0, 0.0]
  

  0.8:
    351: 601
    352: 384
    436: 349.09731801
    437: 349.09731801
    438: 291.74860382
    439: 205.61695862
    448: 38.42787944
    449: 75

    454: [-0.28340811, 0.07395907, 0.00019359, 1.76187114e-05, 0.0]
    455: [366.9232, 0.0, 293.772, 0.0, 365.8368, 198.7, 0.0, 0.0, 1.0]
