----------------------------------------------
orb-slam3-ros-stereo+MH_01_easy+exploration_experiment

-----
Algorithm: orb-slam3-ros-stereo
Dataset: MH_01_easy
Experiments to explore the parameter space.

algorithm: stereo mode
image frequency: 1 | 2
image resolution: 1 | 0.5
nFeatures: 1000 | 2000

Environment: Desktop (Memory: 32GB; CPU: Intel® Core™ i7-7700 CPU @ 3.60GHz × 8; Disk: 1TB) 

-----

588,602
591,603

-----

588:
  1:
    350: 20
  2:
    350: 10
591:
  1:
    351: 752
    352: 480
    436: 436.24429564
    437: 436.24429564
    438: 364.44123459
    439: 256.95167542
    448: 48.02083068
    449: 60
    
    454: [-0.28340811, 0.07395907, 0.00019359, 1.76187114e-05, 0.0]
    455: [458.654, 0.0, 367.215, 0.0, 457.296, 248.375, 0.0, 0.0, 1.0]
    456: [ 0.99996635, -0.00142274,  0.00807958, 0.00136574,  0.99997418 , 0.00705563,-0.00808941 ,-0.00704436 , 0.99994247]
    457: [436.24429564, 0.0 ,364.44123459, 0.0, 0.0, 436.24429564, 256.95167542, 0.0, 0.0, 0.0, 1.0, 0.0]
  
  
  0.5:
    351: 376
    352: 240
    436: 218.32162852
    437: 218.32162852
    438: 182.34145927
    439: 128.59058762
    448: 24.03237374
    449: 120   

    454: [-0.28340811, 0.07395907, 0.00019359, 1.76187114e-05, 0.0]
    455: [229.327, 0.0, 183.6075, 0.0, 228.648, 124.1875, 0.0, 0.0, 1.0]
    456: [ 0.99996635 ,-0.00142274 , 0.00807958 ,0.00136574 , 0.99997418  ,0.00705563 ,-0.00808941 ,-0.00704436 , 0.99994247]
    457: [218.32162852, 0, 182.34145927, 0, 0, 218.32162852, 128.59058762, 0, 0, 0, 1, 0]

603:
  1:
    571: [-0.28340811, 0.07395907, 0.00019359, 1.76187114e-05, 0.0]
    572: [457.587, 0.0, 379.999, 0.0, 456.134, 255.238, 0.0, 0.0, 1]
    573: [0.99996335 ,-0.00362581 , 0.00775544 ,0.0036804  , 0.99996848 ,-0.00703585, -0.00772969 , 0.00706413 , 0.99994517]
    574: [436.24429564, 0.0 ,364.44123459, -48.02083068, 0.0, 436.24429564, 256.95167542, 0.0, 0.0, 0.0, 1.0, 0.0]
  

  0.5:
    571: [-0.28340811, 0.07395907, 0.00019359, 1.76187114e-05, 0.0]
    572: [228.7935 ,  0.0  , 189.9995 , 0.0  ,  228.067 , 127.619 , 0.0 ,  0.0,
   0.5 ]
    573: [ 0.99996335, -0.00362581 , 0.00775544 ,0.0036804 ,  0.99996848 ,-0.00703585 ,-0.00772969 , 0.00706413 , 0.99994517]
    574: [218.32162852, 0, 182.34145927, -24.03237374, 0, 218.32162852, 128.59058762, 0, 0, 0, 1, 0]